0
-0.00140577
-0.00542906
-0.0127128
-0.024526
-0.0428619
-0.0707842
-0.112941
-0.176334
-0.271465
-0.414029
-0.547931
-0.547931
0
-1.99851E-33
-1.99851E-33
-1.99851E-33
-1.99851E-33
-1.99851E-33
-1.99851E-33
-1.99851E-33
-1.99851E-33
-1.99851E-33
-1.99851E-33
-1.99851E-33
-1.99851E-33
-1.99851E-33
0.035625
0.235625
0.435625
0.635625
0.835625
1.03562
1.23563
1.43562
1.63563
1.83563
1.96438
1.76437
1.56438
1.36437
1.16437
0.964375
0.764375
0.564375
0.364375
0.164375
-0.035625
-0.235625
-0.435625
-0.635625
-0.835625
-1.03562
-1.23563
-1.43562
-1.63563
-1.83563
-1.96438
-1.76437
-1.56438
-1.36437
-1.16437
-0.964375
-0.764375
-0.564375
-0.364375
-0.164375
0.103312
0.683312
1.26331
1.84331
2.42331
3.00331
3.58331
4.16331
4.74331
5.32331
5.69669
5.11669
4.53669
3.95669
3.37669
2.79669
2.21669
1.63669
1.05669
0.476687
-0.103312
-0.683312
-1.26331
-1.84331
-2.42331
-3.00331
-3.58331
-4.16331
-4.74331
-4.88831
-5.10581
-5.43206
-5.67856
-5.09856
-4.51856
-3.93856
-3.35856
-2.77856
-2.19856
-1.61856
-1.03856
-0.458562
0.151797
0.876797
1.6018
2.3268
3.0518
3.7768
4.1393
4.68305
5.40805
6.13305
6.85805
6.91695
6.19195
5.46695
4.74195
4.01695
3.29195
2.56695
1.84195
1.11695
0.391953
-0.333047
-1.05805
-1.78305
-2.50805
-3.23305
-3.95805
-4.68305
-5.40805
-6.13305
-6.3143
-6.58617
-6.99398
-6.8943
-6.1693
-5.4443
-4.7193
-3.9943
-3.2693
-2.5443
-1.8193
-1.0943
-0.369297
0.497984
1.51298
2.52798
2.78173
3.16236
3.7333
4.5897
5.6047
6.6197
7.6347
8.6497
8.90345
9.28408
9.42681
9.64091
9.96207
9.8562
9.13361
8.11861
7.10361
6.08861
5.07361
4.05861
3.04361
2.02861
1.01361
-0.0013877
-1.01639
-2.03139
-3.04639
-4.06139
-5.07639
-6.09139
-7.10639
-8.12139
-9.13639
-10.1486
-9.13361
-8.11861
-7.10361
-6.08861
-5.07361
-4.05861
-3.04361
-2.02861
-1.01361
0.00198242
0.364482
0.908232
1.72386
2.02972
2.48851
3.17669
4.20896
5.65896
7.10896
8.55896
10.009
11.459
12.909
14.359
13.191
11.741
10.291
8.84103
7.39104
5.94104
4.49103
3.04104
1.59104
0.141035
-1.30896
-2.75896
-4.20896
-5.65896
-7.10896
-8.55896
-10.009
-11.459
-11.8215
-12.3652
-13.1808
-14.4043
-13.1457
-11.6957
-10.2457
-8.79572
-7.34572
-5.89572
-4.44572
-2.99572
-1.54572
-0.0957227
2.03142
2.57517
3.39079
3.69665
4.15544
4.84362
5.8759
7.42431
9.59931
11.7743
13.9493
16.1243
18.2993
20.4743
20.8507
18.6757
16.5007
14.3257
12.1507
9.97569
9.43194
8.61631
8.31045
7.85167
7.16348
6.13121
4.58279
2.40779
1.86404
1.04842
-0.17502
-2.01018
-2.55393
-3.36955
-4.18518
-5.0008
-6.22424
-7.44768
-8.67111
-10.5063
-12.6813
-14.8563
-17.0313
-19.2063
-19.3422
-19.5461
-19.852
-20.3108
-20.9989
-21.4688
-19.9204
-17.7454
-17.2016
-16.386
-15.1626
-13.9391
-12.7157
-10.8805
-10.3368
-9.52115
-8.29771
-6.46255
-4.28755
-2.11255
0.0832617
0.808262
1.89576
3.52701
5.15826
6.78951
9.23639
12.1364
15.0364
17.9364
20.8364
23.7364
26.6364
28.4636
25.5636
22.6636
21.9386
20.8511
19.2199
16.773
13.873
10.973
8.07299
5.17299
2.27299
1.54799
0.822988
-0.264512
-1.89576
-2.50748
-3.42506
-3.65445
-3.88385
-4.22794
-4.74408
-5.51828
-6.67959
-8.42156
-11.0345
-13.9345
-16.8345
-19.7345
-22.6345
-25.5345
-28.4345
-26.6655
-23.7655
-23.0405
-22.7686
-22.3608
-21.7491
-21.1374
-20.5257
-19.6081
-18.2317
-16.1672
-13.2672
-10.3672
-9.64215
-8.91716
-7.82965
-6.1984
-3.75153
-3.02653
-1.93903
-0.30778
0.455908
1.83228
2.34841
3.12262
4.28393
6.02589
8.63884
12.5583
16.9083
21.2583
25.6083
29.9583
34.3083
38.6583
43.0083
39.6417
35.2917
34.2042
33.7964
33.1847
32.9553
32.8693
32.7403
32.6919
32.6193
32.5104
32.3471
32.1021
31.7347
31.1835
30.3568
29.1166
27.2564
24.4662
23.4198
21.8503
19.496
15.9645
11.6145
7.26449
2.91449
1.82699
0.195742
-2.25113
-3.16871
-4.54508
-6.60963
-9.70646
-14.0565
-18.4065
-22.7565
-27.1065
-31.4565
-35.8065
-40.1565
-42.4935
-38.1435
-33.7935
-29.4435
-28.356
-26.7248
-24.2779
-20.6076
-19.5201
-17.8889
-17.2771
-16.3596
-14.9832
-12.9186
-9.82182
-5.47182
-4.38432
-2.75307
-2.14135
-1.52963
-0.91791
-0.000331655
1.83471
2.5229
3.55517
4.58745
5.61972
7.16814
9.49076
12.9747
14.2812
16.2409
19.1804
20.2828
21.9363
24.4165
28.1369
29.067
29.9971
31.3923
33.485
36.6241
41.3327
47.1327
52.9327
57.2673
51.4673
45.6673
45.3048
45.1689
44.965
44.7611
44.5572
44.2513
43.7925
43.1043
42.0721
40.5237
38.201
34.7171
29.4912
24.2653
22.9588
21.6524
20.3459
19.0394
17.0797
14.1401
9.73079
8.28079
6.10579
3.93079
1.75579
-1.50671
-2.73014
-4.5653
-5.25348
-6.28576
-7.83417
-10.1568
-13.6407
-18.8666
-24.6666
-30.4666
-36.2666
-42.0666
-47.8666
-53.6666
-56.5334
-50.7334
-49.2834
-47.1084
-43.8459
-38.9521
-33.1521
-31.7021
-30.2521
-28.0771
-24.8146
-19.9209
-15.0271
-10.1334
-4.33339
-2.88339
-1.43339
1.01972
2.1412
3.82343
6.34677
10.1318
15.8093
23.7843
31.7593
39.7343
47.7093
55.6843
63.6593
71.6343
79.6093
71.9157
63.9407
61.947
59.9532
56.9626
53.972
50.9813
46.4954
39.7665
31.7915
23.8165
21.8227
18.8321
14.3462
12.6639
10.1406
9.19435
8.2481
7.30185
5.88247
3.7534
0.559801
-0.6378
-2.4342
-5.1288
-7.8234
-10.518
-14.5599
-20.6228
-22.6165
-25.6071
-26.7286
-28.4108
-30.9342
-34.7192
-40.3967
-48.3717
-56.3467
-64.3217
-72.2967
-79.2283
-71.2533
-69.2595
-66.2689
-65.1474
-63.4652
-61.783
-60.1007
-57.5774
-53.7924
-50.0074
-46.2224
-40.5449
-32.5699
-30.5761
-27.5855
-23.0996
-16.3706
-8.39565
-6.4019
-4.40815
-2.4144
0.734105
2.16286
4.30598
5.10965
6.31516
8.12342
10.8358
14.9044
21.0073
30.1616
40.3216
50.4816
51.1166
52.0691
53.4979
54.9266
56.3554
56.8911
57.6948
58.9003
60.7086
63.421
67.4896
73.5924
82.7468
92.9068
100.133
89.9732
79.8132
77.2732
74.7332
73.7807
73.4235
73.2896
73.0887
72.7873
72.3352
71.6571
70.64
69.1143
66.8257
66.6111
66.2893
66.1686
65.9876
65.716
65.3087
64.6977
63.7813
62.4066
60.3445
57.2515
52.6118
45.6524
35.4924
25.3324
15.1724
5.01243
2.47243
-0.0675711
-1.02007
-2.44882
-4.59195
-7.80663
-11.0213
-14.236
-19.058
-26.2911
-36.4511
-46.6111
-49.1511
-52.9611
-53.9136
-54.8661
-56.2948
-58.438
-61.6526
-66.4747
-73.7077
-83.8677
-94.0277
-99.0123
-96.4723
-92.6623
-86.9473
-84.8041
-81.5895
-80.3839
-79.9319
-79.2538
-78.2366
-77.2195
-76.2023
-74.6766
-72.388
-68.9552
-67.6678
-65.7369
-62.8404
-58.4956
-51.9785
-42.2029
-32.0429
-21.8829
-19.3429
-15.5329
-9.81791
-7.67479
-4.4601
-3.25459
-1.44633
1.53585
2.76974
4.62058
5.31464
6.35574
7.91738
8.503
9.38143
10.6991
12.6755
15.6402
20.0872
24.5343
28.9813
35.6518
45.6576
57.9826
61.0639
64.1451
65.3006
67.0338
67.6837
68.6587
70.1211
72.3147
75.605
80.5406
87.9439
93.4965
99.049
107.378
119.703
122.784
119.094
117.361
114.761
113.786
112.324
110.13
106.84
103.549
100.259
95.3235
94.0896
92.8557
91.0049
90.3108
89.2697
88.8793
88.2937
88.0741
87.7447
87.2506
86.5094
85.3977
83.73
81.2286
77.4764
76.0693
73.9587
73.1673
72.8705
72.4252
72.2583
72.0079
71.6322
71.0688
70.2236
68.9558
67.0541
64.2016
59.9228
53.5046
43.8773
31.5523
28.4711
25.3898
22.3086
17.6867
13.0648
8.44293
6.70973
4.10993
0.210218
-1.25217
-3.44576
-6.73614
-10.0265
-13.3169
-16.6073
-17.8412
-19.692
-20.3861
-21.4272
-22.9888
-25.3313
-28.845
-34.1155
-42.0213
-53.8801
-66.2051
-78.5301
-90.8551
-103.18
-115.505
-118.67
-115.589
-110.967
-104.034
-97.1012
-95.368
-94.718
-94.4743
-94.1087
-93.9716
-93.7659
-93.4575
-92.9948
-92.3007
-91.2596
-89.698
-87.3555
-83.8418
-78.5712
-70.6654
-62.7596
-54.8538
-42.995
-30.67
-18.345
-6.02004
-4.51503
-2.25751
0